-93 4294967203 ffffffa3
118 118 76
111 111 6f
-7 4294967289 fffffff9
27 27 1b
91 91 5b
-124 4294967172 ffffff84
55 55 37
-64 4294967232 ffffffc0
30 30 1e
-105 4294967191 ffffff97
79 79 4f
-49 4294967247 ffffffcf
16 16 10
-86 4294967210 ffffffaa
81 81 51
-46 4294967250 ffffffd2
62 62 3e
-72 4294967224 ffffffb8
123 123 7b
19 19 13
82 82 52
-87 4294967209 ffffffa9
-45 4294967251 ffffffd3
64 64 40
-110 4294967186 ffffff92
85 85 55
32 32 20
61 61 3d
-55 4294967241 ffffffc9
-101 4294967195 ffffff9b
79 79 4f
87 87 57
22 22 16
49 49 31
-18 4294967278 ffffffee
-103 4294967193 ffffff99
8 8 8
43 43 2b
-28 4294967268 ffffffe4
-71 4294967225 ffffffb9
98 98 62
-126 4294967170 ffffff82
-117 4294967179 ffffff8b
-36 4294967260 ffffffdc
-24 4294967272 ffffffe8
17 17 11
-116 4294967180 ffffff8c
90 90 5a
29 29 1d
-120 4294967176 ffffff88
122 122 7a
-109 4294967187 ffffff93
57 57 39
-118 4294967178 ffffff8a
80 80 50
53 53 35
113 113 71
-17 4294967279 ffffffef
38 38 26
-110 4294967186 ffffff92
-43 4294967253 ffffffd5
-67 4294967229 ffffffbd
79 79 4f
-52 4294967244 ffffffcc
-77 4294967219 ffffffb3
82 82 52
-52 4294967244 ffffffcc
20 20 14
-82 4294967214 ffffffae
-92 4294967204 ffffffa4
-98 4294967198 ffffff9e
-103 4294967193 ffffff99
-17 4294967279 ffffffef
-74 4294967222 ffffffb6
44 44 2c
-32 4294967264 ffffffe0
-38 4294967258 ffffffda
-97 4294967199 ffffff9f
-72 4294967224 ffffffb8
17 17 11
48 48 30
16 16 10
108 108 6c
-95 4294967201 ffffffa1
-63 4294967233 ffffffc1
-108 4294967188 ffffff94
65 65 41
-71 4294967225 ffffffb9
45 45 2d
102 102 66
73 73 49
30 30 1e
-11 4294967285 fffffff5
30 30 1e
0 0 0
-57 4294967239 ffffffc7
26 26 1a
-63 4294967233 ffffffc1
-106 4294967190 ffffff96
107 107 6b
3 3 3
92 92 5c
-52 4294967244 ffffffcc
126 126 7e
4 4 4
-90 4294967206 ffffffa6
51 51 33
-104 4294967192 ffffff98
29 29 1d
-112 4294967184 ffffff90
95 95 5f
108 108 6c
39 39 27
-83 4294967213 ffffffad
-47 4294967249 ffffffd1
-30 4294967266 ffffffe2
92 92 5c
-10 4294967286 fffffff6
119 119 77
-17 4294967279 ffffffef
-109 4294967187 ffffff93
-20 4294967276 ffffffec
-88 4294967208 ffffffa8
11 11 b
-49 4294967247 ffffffcf
114 114 72
-7 4294967289 fffffff9
126 126 7e
117 117 75
-107 4294967189 ffffff95
-107 4294967189 ffffff95
20 20 14
104 104 68
27 27 1b
81 81 51
-98 4294967198 ffffff9e
-98 4294967198 ffffff9e
53 53 35
-60 4294967236 ffffffc4
-79 4294967217 ffffffb1
93 93 5d
30 30 1e
-127 4294967169 ffffff81
-100 4294967196 ffffff9c
73 73 49
110 110 6e
-67 4294967229 ffffffbd
-59 4294967237 ffffffc5
19 19 13
51 51 33
6 6 6
-30 4294967266 ffffffe2
-73 4294967223 ffffffb7
-95 4294967201 ffffffa1
46 46 2e
20 20 14
34 34 22
64 64 40
-46 4294967250 ffffffd2
-44 4294967252 ffffffd4
-4 4294967292 fffffffc
-37 4294967259 ffffffdb
-109 4294967187 ffffff93
100 100 64
-68 4294967228 ffffffbc
22 22 16
84 84 54
64 64 40
22 22 16
31 31 1f
-71 4294967225 ffffffb9
-110 4294967186 ffffff92
59 59 3b
71 71 47
89 89 59
75 75 4b
-45 4294967251 ffffffd3
-12 4294967284 fffffff4
114 114 72
98 98 62
55 55 37
-10 4294967286 fffffff6
19 19 13
118 118 76
88 88 58
111 111 6f
94 94 5e
10 10 a
-101 4294967195 ffffff9b
89 89 59
-8 4294967288 fffffff8
-29 4294967267 ffffffe3
-51 4294967245 ffffffcd
61 61 3d
5 5 5
63 63 3f
88 88 58
-112 4294967184 ffffff90
-93 4294967203 ffffffa3
-57 4294967239 ffffffc7
-126 4294967170 ffffff82
-118 4294967178 ffffff8a
13 13 d
10 10 a
-12 4294967284 fffffff4
-37 4294967259 ffffffdb
-64 4294967232 ffffffc0
46 46 2e
-75 4294967221 ffffffb5
-40 4294967256 ffffffd8
-127 4294967169 ffffff81
57 57 39
-15 4294967281 fffffff1
6 6 6
-105 4294967191 ffffff97
-51 4294967245 ffffffcd
-2 4294967294 fffffffe
-16 4294967280 fffffff0
80 80 50
-93 4294967203 ffffffa3
59 59 3b
-29 4294967267 ffffffe3
125 125 7d
126 126 7e
36 36 24
-124 4294967172 ffffff84
-65 4294967231 ffffffbf
-82 4294967214 ffffffae
35 35 23
94 94 5e
29 29 1d
44 44 2c
104 104 68
115 115 73
-36 4294967260 ffffffdc
76 76 4c
67 67 43
-49 4294967247 ffffffcf
-86 4294967210 ffffffaa
-13 4294967283 fffffff3
-69 4294967227 ffffffbb
123 123 7b
-123 4294967173 ffffff85
104 104 68
107 107 6b
2 2 2
56 56 38
-125 4294967171 ffffff83
-127 4294967169 ffffff81
114 114 72
-66 4294967230 ffffffbe
-102 4294967194 ffffff9a
10 10 a
60 60 3c
48 48 30
36 36 24
-110 4294967186 ffffff92
-28 4294967268 ffffffe4
117 117 75
89 89 59
66 66 42
43 43 2b
96 96 60
15 15 f
-1 4294967295 ffffffff
-118 4294967178 ffffff8a
-63 4294967233 ffffffc1
97 97 61
-122 4294967174 ffffff86
116 116 74
3 3 3
-22 4294967274 ffffffea
-106 4294967190 ffffff96
68 68 44
106 106 6a
-49 4294967247 ffffffcf
44 44 2c
76 76 4c
-35 4294967261 ffffffdd
55 55 37
-115 4294967181 ffffff8d
-5 4294967291 fffffffb
-71 4294967225 ffffffb9
-96 4294967200 ffffffa0
-29 4294967267 ffffffe3
-68 4294967228 ffffffbc
-85 4294967211 ffffffab
-68 4294967228 ffffffbc
68 68 44
-104 4294967192 ffffff98
-111 4294967185 ffffff91
115 115 73
14 14 e
27 27 1b
47 47 2f
-101 4294967195 ffffff9b
-22 4294967274 ffffffea
-49 4294967247 ffffffcf
-126 4294967170 ffffff82
96 96 60
-127 4294967169 ffffff81
-64 4294967232 ffffffc0
-51 4294967245 ffffffcd
-75 4294967221 ffffffb5
-79 4294967217 ffffffb1
74 74 4a
6 6 6
30 30 1e
113 113 71
-108 4294967188 ffffff94
-48 4294967248 ffffffd0
45 45 2d
40 40 28
-49 4294967247 ffffffcf
1 1 1
0 0 0
19 19 13
-35 4294967261 ffffffdd
-2 4294967294 fffffffe
115 115 73
25 25 19
119 119 77
86 86 56
-126 4294967170 ffffff82
-119 4294967177 ffffff89
44 44 2c
118 118 76
-17 4294967279 ffffffef
-22 4294967274 ffffffea
4 4 4
-46 4294967250 ffffffd2
47 47 2f
23 23 17
-103 4294967193 ffffff99
45 45 2d
78 78 4e
-1 4294967295 ffffffff
-127 4294967169 ffffff81
18 18 12
57 57 39
-68 4294967228 ffffffbc
-7 4294967289 fffffff9
126 126 7e
35 35 23
112 112 70
-87 4294967209 ffffffa9
69 69 45
23 23 17
-7 4294967289 fffffff9
115 115 73
-53 4294967243 ffffffcb
-112 4294967184 ffffff90
112 112 70
41 41 29
36 36 24
-97 4294967199 ffffff9f
-19 4294967277 ffffffed
13 13 d
31 31 1f
29 29 1d
32 32 20
-4 4294967292 fffffffc
-8 4294967288 fffffff8
-114 4294967182 ffffff8e
-89 4294967207 ffffffa7
-6 4294967290 fffffffa
65 65 41
11 11 b
11 11 b
39 39 27
112 112 70
17 17 11
-55 4294967241 ffffffc9
90 90 5a
86 86 56
-97 4294967199 ffffff9f
79 79 4f
-97 4294967199 ffffff9f
-53 4294967243 ffffffcb
40 40 28
-101 4294967195 ffffff9b
59 59 3b
-41 4294967255 ffffffd7
96 96 60
-59 4294967237 ffffffc5
-4 4294967292 fffffffc
-16 4294967280 fffffff0
12 12 c
-95 4294967201 ffffffa1
9 9 9
-79 4294967217 ffffffb1
-56 4294967240 ffffffc8
6 6 6
41 41 29
-118 4294967178 ffffff8a
-95 4294967201 ffffffa1
56 56 38
-10 4294967286 fffffff6
-122 4294967174 ffffff86
-110 4294967186 ffffff92
-72 4294967224 ffffffb8
-13 4294967283 fffffff3
-100 4294967196 ffffff9c
117 117 75
-107 4294967189 ffffff95
-115 4294967181 ffffff8d
-73 4294967223 ffffffb7
100 100 64
-43 4294967253 ffffffd5
-39 4294967257 ffffffd9
-36 4294967260 ffffffdc
-65 4294967231 ffffffbf
41 41 29
37 37 25
118 118 76
60 60 3c
51 51 33
81 81 51
-89 4294967207 ffffffa7
-90 4294967206 ffffffa6
106 106 6a
-15 4294967281 fffffff1
-54 4294967242 ffffffca
-45 4294967251 ffffffd3
-116 4294967180 ffffff8c
-87 4294967209 ffffffa9
-82 4294967214 ffffffae
-98 4294967198 ffffff9e
-3 4294967293 fffffffd
-47 4294967249 ffffffd1
-74 4294967222 ffffffb6
57 57 39
-35 4294967261 ffffffdd
-15 4294967281 fffffff1
98 98 62
-21 4294967275 ffffffeb
-6 4294967290 fffffffa
0 0 0
35 35 23
-51 4294967245 ffffffcd
-29 4294967267 ffffffe3
65 65 41
76 76 4c
30 30 1e
-117 4294967179 ffffff8b
-115 4294967181 ffffff8d
-110 4294967186 ffffff92
100 100 64
-20 4294967276 ffffffec
116 116 74
-80 4294967216 ffffffb0
-88 4294967208 ffffffa8
-77 4294967219 ffffffb3
-96 4294967200 ffffffa0
-101 4294967195 ffffff9b
-56 4294967240 ffffffc8
-54 4294967242 ffffffca
57 57 39
96 96 60
62 62 3e
-122 4294967174 ffffff86
-74 4294967222 ffffffb6
-6 4294967290 fffffffa
107 107 6b
-39 4294967257 ffffffd9
-21 4294967275 ffffffeb
-33 4294967263 ffffffdf
-32 4294967264 ffffffe0
85 85 55
-21 4294967275 ffffffeb
73 73 49
-109 4294967187 ffffff93
72 72 48
-11 4294967285 fffffff5
12 12 c
-69 4294967227 ffffffbb
-115 4294967181 ffffff8d
-13 4294967283 fffffff3
-98 4294967198 ffffff9e
-98 4294967198 ffffff9e
37 37 25
95 95 5f
-105 4294967191 ffffff97
81 81 51
53 53 35
-121 4294967175 ffffff87
-99 4294967197 ffffff9d
19 19 13
-123 4294967173 ffffff85
61 61 3d
64 64 40
123 123 7b
77 77 4d
-35 4294967261 ffffffdd
-110 4294967186 ffffff92
48 48 30
-44 4294967252 ffffffd4
-4 4294967292 fffffffc
-29 4294967267 ffffffe3
-112 4294967184 ffffff90
110 110 6e
113 113 71
-128 4294967168 ffffff80
51 51 33
-32 4294967264 ffffffe0
-51 4294967245 ffffffcd
-92 4294967204 ffffffa4
-86 4294967210 ffffffaa
36 36 24
-14 4294967282 fffffff2
93 93 5d
95 95 5f
48 48 30
-53 4294967243 ffffffcb
-16 4294967280 fffffff0
-86 4294967210 ffffffaa
-107 4294967189 ffffff95
-124 4294967172 ffffff84
57 57 39
53 53 35
77 77 4d
23 23 17
-15 4294967281 fffffff1
105 105 69
-33 4294967263 ffffffdf
110 110 6e
-103 4294967193 ffffff99
10 10 a
80 80 50
1 1 1
112 112 70
-114 4294967182 ffffff8e
-1 4294967295 ffffffff
41 41 29
47 47 2f
-21 4294967275 ffffffeb
1 1 1
-6 4294967290 fffffffa
70 70 46
-109 4294967187 ffffff93
32 32 20
7 7 7
8 8 8
3 3 3
67 67 43
51 51 33
-120 4294967176 ffffff88
43 43 2b
-50 4294967246 ffffffce
122 122 7a
68 68 44
-29 4294967267 ffffffe3
-60 4294967236 ffffffc4
51 51 33
50 50 32
112 112 70
-43 4294967253 ffffffd5
83 83 53
74 74 4a
48 48 30
121 121 79
26 26 1a
-124 4294967172 ffffff84
-102 4294967194 ffffff9a
46 46 2e
117 117 75
58 58 3a
6 6 6
-56 4294967240 ffffffc8
-27 4294967269 ffffffe5
-84 4294967212 ffffffac
53 53 35
-77 4294967219 ffffffb3
-14 4294967282 fffffff2
-70 4294967226 ffffffba
-33 4294967263 ffffffdf
-67 4294967229 ffffffbd
48 48 30
68 68 44
92 92 5c
-118 4294967178 ffffff8a
-39 4294967257 ffffffd9
-68 4294967228 ffffffbc
-128 4294967168 ffffff80
-57 4294967239 ffffffc7
-2 4294967294 fffffffe
-2 4294967294 fffffffe
-70 4294967226 ffffffba
96 96 60
-69 4294967227 ffffffbb
98 98 62
123 123 7b
-21 4294967275 ffffffeb
-22 4294967274 ffffffea
-28 4294967268 ffffffe4
27 27 1b
-126 4294967170 ffffff82
-55 4294967241 ffffffc9
-49 4294967247 ffffffcf
-21 4294967275 ffffffeb
47 47 2f
61 61 3d
-35 4294967261 ffffffdd
27 27 1b
-73 4294967223 ffffffb7
-55 4294967241 ffffffc9
58 58 3a
-58 4294967238 ffffffc6
-127 4294967169 ffffff81
-12 4294967284 fffffff4
-101 4294967195 ffffff9b
-90 4294967206 ffffffa6
100 100 64
15 15 f
93 93 5d
-50 4294967246 ffffffce
-81 4294967215 ffffffaf
-58 4294967238 ffffffc6
-69 4294967227 ffffffbb
-43 4294967253 ffffffd5
47 47 2f
-88 4294967208 ffffffa8
-5 4294967291 fffffffb
9 9 9
36 36 24
-87 4294967209 ffffffa9
-26 4294967270 ffffffe6
56 56 38
82 82 52
-29 4294967267 ffffffe3
72 72 48
22 22 16
-128 4294967168 ffffff80
-33 4294967263 ffffffdf
118 118 76
26 26 1a
14 14 e
-90 4294967206 ffffffa6
30 30 1e
116 116 74
85 85 55
-2 4294967294 fffffffe
-36 4294967260 ffffffdc
-68 4294967228 ffffffbc
57 57 39
-62 4294967234 ffffffc2
-105 4294967191 ffffff97
3 3 3
-120 4294967176 ffffff88
-117 4294967179 ffffff8b
76 76 4c
-9 4294967287 fffffff7
113 113 71
38 38 26
67 67 43
-83 4294967213 ffffffad
-19 4294967277 ffffffed
97 97 61
84 84 54
64 64 40
17 17 11
-18 4294967278 ffffffee
-97 4294967199 ffffff9f
50 50 32
113 113 71
-95 4294967201 ffffffa1
28 28 1c
-101 4294967195 ffffff9b
72 72 48
92 92 5c
89 89 59
107 107 6b
88 88 58
97 97 61
30 30 1e
9 9 9
12 12 c
92 92 5c
-127 4294967169 ffffff81
119 119 77
-25 4294967271 ffffffe7
91 91 5b
-44 4294967252 ffffffd4
-54 4294967242 ffffffca
122 122 7a
106 106 6a
106 106 6a
53 53 35
-115 4294967181 ffffff8d
18 18 12
32 32 20
23 23 17
-77 4294967219 ffffffb3
-14 4294967282 fffffff2
-120 4294967176 ffffff88
73 73 49
86 86 56
29 29 1d
124 124 7c
-47 4294967249 ffffffd1
-102 4294967194 ffffff9a
-22 4294967274 ffffffea
-13 4294967283 fffffff3
40 40 28
13 13 d
28 28 1c
-123 4294967173 ffffff85
104 104 68
-38 4294967258 ffffffda
38 38 26
76 76 4c
-96 4294967200 ffffffa0
44 44 2c
86 86 56
-41 4294967255 ffffffd7
14 14 e
-32 4294967264 ffffffe0
-90 4294967206 ffffffa6
103 103 67
-43 4294967253 ffffffd5
-98 4294967198 ffffff9e
-123 4294967173 ffffff85
81 81 51
65 65 41
-21 4294967275 ffffffeb
120 120 78
26 26 1a
-81 4294967215 ffffffaf
89 89 59
100 100 64
-92 4294967204 ffffffa4
25 25 19
-4 4294967292 fffffffc
-7 4294967289 fffffff9
103 103 67
-14 4294967282 fffffff2
40 40 28
122 122 7a
11 11 b
105 105 69
87 87 57
92 92 5c
87 87 57
96 96 60
74 74 4a
-48 4294967248 ffffffd0
-25 4294967271 ffffffe7
118 118 76
-35 4294967261 ffffffdd
-113 4294967183 ffffff8f
122 122 7a
-24 4294967272 ffffffe8
113 113 71
-70 4294967226 ffffffba
-112 4294967184 ffffff90
-81 4294967215 ffffffaf
92 92 5c
-100 4294967196 ffffff9c
81 81 51
52 52 34
-28 4294967268 ffffffe4
71 71 47
-49 4294967247 ffffffcf
-118 4294967178 ffffff8a
-118 4294967178 ffffff8a
-104 4294967192 ffffff98
107 107 6b
104 104 68
-75 4294967221 ffffffb5
94 94 5e
-117 4294967179 ffffff8b
-4 4294967292 fffffffc
-14 4294967282 fffffff2
1 1 1
-90 4294967206 ffffffa6
109 109 6d
94 94 5e
-66 4294967230 ffffffbe
66 66 42
-42 4294967254 ffffffd6
50 50 32
6 6 6
-94 4294967202 ffffffa2
86 86 56
-106 4294967190 ffffff96
-74 4294967222 ffffffb6
-67 4294967229 ffffffbd
-24 4294967272 ffffffe8
35 35 23
-81 4294967215 ffffffaf
-32 4294967264 ffffffe0
61 61 3d
51 51 33
-21 4294967275 ffffffeb
-124 4294967172 ffffff84
71 71 47
98 98 62
-89 4294967207 ffffffa7
9 9 9
106 106 6a
100 100 64
87 87 57
-61 4294967235 ffffffc3
-85 4294967211 ffffffab
-2 4294967294 fffffffe
110 110 6e
-16 4294967280 fffffff0
48 48 30
86 86 56
-56 4294967240 ffffffc8
104 104 68
-31 4294967265 ffffffe1
106 106 6a
-59 4294967237 ffffffc5
83 83 53
88 88 58
-35 4294967261 ffffffdd
-97 4294967199 ffffff9f
66 66 42
121 121 79
-13 4294967283 fffffff3
-76 4294967220 ffffffb4
64 64 40
-92 4294967204 ffffffa4
121 121 79
99 99 63
43 43 2b
-4 4294967292 fffffffc
-49 4294967247 ffffffcf
-24 4294967272 ffffffe8
89 89 59
94 94 5e
-112 4294967184 ffffff90
-8 4294967288 fffffff8
-3 4294967293 fffffffd
80 80 50
88 88 58
-22 4294967274 ffffffea
-107 4294967189 ffffff95
-122 4294967174 ffffff86
-40 4294967256 ffffffd8
2 2 2
57 57 39
-117 4294967179 ffffff8b
-71 4294967225 ffffffb9
50 50 32
65 65 41
-127 4294967169 ffffff81
-27 4294967269 ffffffe5
-107 4294967189 ffffff95
-99 4294967197 ffffff9d
8 8 8
96 96 60
33 33 21
75 75 4b
26 26 1a
3 3 3
81 81 51
13 13 d
-46 4294967250 ffffffd2
10 10 a
-102 4294967194 ffffff9a
-72 4294967224 ffffffb8
25 25 19
65 65 41
60 60 3c
-10 4294967286 fffffff6
35 35 23
29 29 1d
-39 4294967257 ffffffd9
-122 4294967174 ffffff86
118 118 76
55 55 37
80 80 50
77 77 4d
99 99 63
21 21 15
105 105 69
63 63 3f
-123 4294967173 ffffff85
-44 4294967252 ffffffd4
17 17 11
-81 4294967215 ffffffaf
77 77 4d
-92 4294967204 ffffffa4
58 58 3a
-119 4294967177 ffffff89
-2 4294967294 fffffffe
-43 4294967253 ffffffd5
78 78 4e
68 68 44
28 28 1c
9 9 9
-56 4294967240 ffffffc8
123 123 7b
18 18 12
110 110 6e
-9 4294967287 fffffff7
-108 4294967188 ffffff94
-39 4294967257 ffffffd9
-12 4294967284 fffffff4
-116 4294967180 ffffff8c
102 102 66
118 118 76
108 108 6c
-73 4294967223 ffffffb7
-99 4294967197 ffffff9d
40 40 28
6 6 6
-48 4294967248 ffffffd0
54 54 36
63 63 3f
-86 4294967210 ffffffaa
1 1 1
-116 4294967180 ffffff8c
0 0 0
-54 4294967242 ffffffca
-115 4294967181 ffffff8d
12 12 c
88 88 58
28 28 1c
-75 4294967221 ffffffb5
118 118 76
89 89 59
75 75 4b
35 35 23
12 12 c
-55 4294967241 ffffffc9
-118 4294967178 ffffff8a
115 115 73
26 26 1a
95 95 5f
-124 4294967172 ffffff84
-66 4294967230 ffffffbe
-107 4294967189 ffffff95
103 103 67
-8 4294967288 fffffff8
-97 4294967199 ffffff9f
52 52 34
-13 4294967283 fffffff3
-13 4294967283 fffffff3
-127 4294967169 ffffff81
70 70 46
-113 4294967183 ffffff8f
-58 4294967238 ffffffc6
-83 4294967213 ffffffad
126 126 7e
-10 4294967286 fffffff6
-96 4294967200 ffffffa0
-105 4294967191 ffffff97
-36 4294967260 ffffffdc
-15 4294967281 fffffff1
3 3 3
-80 4294967216 ffffffb0
-111 4294967185 ffffff91
-73 4294967223 ffffffb7
51 51 33
-112 4294967184 ffffff90
101 101 65
-82 4294967214 ffffffae
35 35 23
87 87 57
53 53 35
97 97 61
-117 4294967179 ffffff8b
-62 4294967234 ffffffc2
-103 4294967193 ffffff99
89 89 59
-53 4294967243 ffffffcb
-18 4294967278 ffffffee
98 98 62
31 31 1f
-36 4294967260 ffffffdc
-89 4294967207 ffffffa7
54 54 36
-38 4294967258 ffffffda
-56 4294967240 ffffffc8
93 93 5d
118 118 76
-73 4294967223 ffffffb7
18 18 12
22 22 16
-106 4294967190 ffffff96
-86 4294967210 ffffffaa
72 72 48
118 118 76
-15 4294967281 fffffff1
-103 4294967193 ffffff99
117 117 75
59 59 3b
-21 4294967275 ffffffeb
-96 4294967200 ffffffa0
46 46 2e
57 57 39
39 39 27
-51 4294967245 ffffffcd
-23 4294967273 ffffffe9
-82 4294967214 ffffffae
-115 4294967181 ffffff8d
76 76 4c
77 77 4d
115 115 73
-87 4294967209 ffffffa9
94 94 5e
-124 4294967172 ffffff84
-27 4294967269 ffffffe5
-76 4294967220 ffffffb4
127 127 7f
-125 4294967171 ffffff83
96 96 60
60 60 3c
39 39 27
-22 4294967274 ffffffea
-37 4294967259 ffffffdb
-82 4294967214 ffffffae
86 86 56
-112 4294967184 ffffff90
107 107 6b
-25 4294967271 ffffffe7
125 125 7d
64 64 40
-99 4294967197 ffffff9d
-75 4294967221 ffffffb5
-91 4294967205 ffffffa5
118 118 76
57 57 39
46 46 2e
122 122 7a
27 27 1b
95 95 5f
-1 4294967295 ffffffff
-24 4294967272 ffffffe8
-73 4294967223 ffffffb7
88 88 58
-57 4294967239 ffffffc7
7 7 7
116 116 74
-10 4294967286 fffffff6
75 75 4b
85 85 55
-119 4294967177 ffffff89
57 57 39
-12 4294967284 fffffff4
81 81 51
93 93 5d
74 74 4a
0 0 0
106 106 6a
21 21 15
-106 4294967190 ffffff96
-126 4294967170 ffffff82
-84 4294967212 ffffffac
68 68 44
-77 4294967219 ffffffb3
119 119 77
40 40 28
-84 4294967212 ffffffac
27 27 1b
65 65 41
-21 4294967275 ffffffeb
71 71 47
-43 4294967253 ffffffd5
17 17 11
-20 4294967276 ffffffec
-67 4294967229 ffffffbd
-60 4294967236 ffffffc4
27 27 1b
13 13 d
-47 4294967249 ffffffd1
-22 4294967274 ffffffea
110 110 6e
-73 4294967223 ffffffb7
24 24 18
70 70 46
-73 4294967223 ffffffb7
-86 4294967210 ffffffaa
107 107 6b
-14 4294967282 fffffff2
-36 4294967260 ffffffdc
78 78 4e
72 72 48
-19 4294967277 ffffffed
-120 4294967176 ffffff88
-45 4294967251 ffffffd3
-84 4294967212 ffffffac
21 21 15
79 79 4f
-12 4294967284 fffffff4
36 36 24
-106 4294967190 ffffff96
45 45 2d
-95 4294967201 ffffffa1
-90 4294967206 ffffffa6
125 125 7d
-54 4294967242 ffffffca
101 101 65
56 56 38
-56 4294967240 ffffffc8
-1 4294967295 ffffffff
69 69 45
119 119 77
67 67 43
-15 4294967281 fffffff1
43 43 2b
-18 4294967278 ffffffee
32 32 20
52 52 34
-20 4294967276 ffffffec
-10 4294967286 fffffff6
123 123 7b
60 60 3c
57 57 39
-109 4294967187 ffffff93
-4 4294967292 fffffffc
-118 4294967178 ffffff8a
52 52 34
-82 4294967214 ffffffae
-21 4294967275 ffffffeb
-61 4294967235 ffffffc3
40 40 28
-31 4294967265 ffffffe1
66 66 42
22 22 16
-38 4294967258 ffffffda
-23 4294967273 ffffffe9
119 119 77
-7 4294967289 fffffff9
-2 4294967294 fffffffe
75 75 4b
38 38 26
32 32 20
23 23 17
-59 4294967237 ffffffc5
94 94 5e
-105 4294967191 ffffff97
-9 4294967287 fffffff7
-103 4294967193 ffffff99
-27 4294967269 ffffffe5
33 33 21
67 67 43
-83 4294967213 ffffffad
29 29 1d
24 24 18
-118 4294967178 ffffff8a
96 96 60
80 80 50
14 14 e
-82 4294967214 ffffffae
109 109 6d
-113 4294967183 ffffff8f
-25 4294967271 ffffffe7
84 84 54
50 50 32
-87 4294967209 ffffffa9
-53 4294967243 ffffffcb
85 85 55
-102 4294967194 ffffff9a
124 124 7c
40 40 28
41 41 29
102 102 66
-80 4294967216 ffffffb0
5 5 5
-28 4294967268 ffffffe4
88 88 58
-14 4294967282 fffffff2
-90 4294967206 ffffffa6
-68 4294967228 ffffffbc
-17 4294967279 ffffffef
-70 4294967226 ffffffba
-55 4294967241 ffffffc9
115 115 73
-58 4294967238 ffffffc6
59 59 3b
61 61 3d
119 119 77
-34 4294967262 ffffffde
-91 4294967205 ffffffa5
94 94 5e
-59 4294967237 ffffffc5
45 45 2d
105 105 69
-13 4294967283 fffffff3
65 65 41
55 55 37
86 86 56
8 8 8
122 122 7a
48 48 30
-127 4294967169 ffffff81
-27 4294967269 ffffffe5
-82 4294967214 ffffffae
44 44 2c
-25 4294967271 ffffffe7
33 33 21
-15 4294967281 fffffff1
-22 4294967274 ffffffea
45 45 2d
122 122 7a
-2 4294967294 fffffffe
-15 4294967281 fffffff1
-65 4294967231 ffffffbf
-103 4294967193 ffffff99
65 65 41
93 93 5d
-125 4294967171 ffffff83
-13 4294967283 fffffff3
-71 4294967225 ffffffb9
63 63 3f
-15 4294967281 fffffff1
78 78 4e
-10 4294967286 fffffff6
112 112 70
114 114 72
-56 4294967240 ffffffc8
-26 4294967270 ffffffe6
8 8 8
77 77 4d
-112 4294967184 ffffff90
100 100 64
111 111 6f
77 77 4d
-39 4294967257 ffffffd9
-39 4294967257 ffffffd9
-60 4294967236 ffffffc4
-5 4294967291 fffffffb
45 45 2d
44 44 2c
-25 4294967271 ffffffe7
-64 4294967232 ffffffc0
-80 4294967216 ffffffb0
-30 4294967266 ffffffe2
68 68 44
8 8 8
54 54 36
-63 4294967233 ffffffc1
7 7 7
-19 4294967277 ffffffed
-110 4294967186 ffffff92
-93 4294967203 ffffffa3
33 33 21
99 99 63
67 67 43
-101 4294967195 ffffff9b
51 51 33
-60 4294967236 ffffffc4
109 109 6d
-41 4294967255 ffffffd7
94 94 5e
-107 4294967189 ffffff95
32 32 20
-87 4294967209 ffffffa9
-8 4294967288 fffffff8
21 21 15
8 8 8
105 105 69
112 112 70
21 21 15
-112 4294967184 ffffff90
21 21 15
-128 4294967168 ffffff80
101 101 65
-113 4294967183 ffffff8f
-16 4294967280 fffffff0
-58 4294967238 ffffffc6
-53 4294967243 ffffffcb
-41 4294967255 ffffffd7
71 71 47
-68 4294967228 ffffffbc
91 91 5b
83 83 53
-121 4294967175 ffffff87
-90 4294967206 ffffffa6
-65 4294967231 ffffffbf
61 61 3d
-29 4294967267 ffffffe3
-128 4294967168 ffffff80
33 33 21
62 62 3e
-4 4294967292 fffffffc
72 72 48
-31 4294967265 ffffffe1
-85 4294967211 ffffffab
-69 4294967227 ffffffbb
-12 4294967284 fffffff4
43 43 2b
-20 4294967276 ffffffec
-110 4294967186 ffffff92
-93 4294967203 ffffffa3
-53 4294967243 ffffffcb
-53 4294967243 ffffffcb
-41 4294967255 ffffffd7
-68 4294967228 ffffffbc
-92 4294967204 ffffffa4
52 52 34
79 79 4f
-20 4294967276 ffffffec
-4 4294967292 fffffffc
52 52 34
-16 4294967280 fffffff0
-85 4294967211 ffffffab
109 109 6d
61 61 3d
-6 4294967290 fffffffa
-55 4294967241 ffffffc9
-93 4294967203 ffffffa3
8 8 8
-95 4294967201 ffffffa1
-74 4294967222 ffffffb6
121 121 79
103 103 67
-57 4294967239 ffffffc7
16 16 10
25 25 19
81 81 51
8 8 8
-37 4294967259 ffffffdb
103 103 67
91 91 5b
-109 4294967187 ffffff93
-80 4294967216 ffffffb0
-47 4294967249 ffffffd1
-2 4294967294 fffffffe
-70 4294967226 ffffffba
-110 4294967186 ffffff92
23 23 17
-53 4294967243 ffffffcb
94 94 5e
35 35 23
-39 4294967257 ffffffd9
-89 4294967207 ffffffa7
66 66 42
-97 4294967199 ffffff9f
-32 4294967264 ffffffe0
77 77 4d
-80 4294967216 ffffffb0
36 36 24
96 96 60
-119 4294967177 ffffff89
-19 4294967277 ffffffed
40 40 28
-40 4294967256 ffffffd8
62 62 3e
-48 4294967248 ffffffd0
-26 4294967270 ffffffe6
-4 4294967292 fffffffc
-46 4294967250 ffffffd2
22 22 16
-10 4294967286 fffffff6
66 66 42
-43 4294967253 ffffffd5
-67 4294967229 ffffffbd
-59 4294967237 ffffffc5
89 89 59
-87 4294967209 ffffffa9
-97 4294967199 ffffff9f
-88 4294967208 ffffffa8
-6 4294967290 fffffffa
-67 4294967229 ffffffbd
84 84 54
52 52 34
-27 4294967269 ffffffe5
50 50 32
57 57 39
76 76 4c
54 54 36
19 19 13
89 89 59
-102 4294967194 ffffff9a
-37 4294967259 ffffffdb
5 5 5
-77 4294967219 ffffffb3
-60 4294967236 ffffffc4
-110 4294967186 ffffff92
62 62 3e
-52 4294967244 ffffffcc
-103 4294967193 ffffff99
-57 4294967239 ffffffc7
57 57 39
58 58 3a
53 53 35
91 91 5b
26 26 1a
101 101 65
-2 4294967294 fffffffe
84 84 54
52 52 34
-91 4294967205 ffffffa5
-69 4294967227 ffffffbb
-4 4294967292 fffffffc
5 5 5
-107 4294967189 ffffff95
-35 4294967261 ffffffdd
45 45 2d
-108 4294967188 ffffff94
-7 4294967289 fffffff9
2 2 2
-41 4294967255 ffffffd7
-94 4294967202 ffffffa2
-15 4294967281 fffffff1
-113 4294967183 ffffff8f
115 115 73
95 95 5f
30 30 1e
22 22 16
-56 4294967240 ffffffc8
9 9 9
-52 4294967244 ffffffcc
-22 4294967274 ffffffea
-28 4294967268 ffffffe4
-121 4294967175 ffffff87
-76 4294967220 ffffffb4
76 76 4c
-42 4294967254 ffffffd6
45 45 2d
-19 4294967277 ffffffed
-63 4294967233 ffffffc1
29 29 1d
101 101 65
-85 4294967211 ffffffab
-4 4294967292 fffffffc
-21 4294967275 ffffffeb
30 30 1e
56 56 38
-86 4294967210 ffffffaa
-87 4294967209 ffffffa9
-118 4294967178 ffffff8a
-118 4294967178 ffffff8a
-29 4294967267 ffffffe3
-118 4294967178 ffffff8a
-117 4294967179 ffffff8b
122 122 7a
13 13 d
120 120 78
-47 4294967249 ffffffd1
20 20 14
-40 4294967256 ffffffd8
13 13 d
92 92 5c
-107 4294967189 ffffff95
-6 4294967290 fffffffa
65 65 41
48 48 30
58 58 3a
86 86 56
119 119 77
-127 4294967169 ffffff81
-94 4294967202 ffffffa2
-22 4294967274 ffffffea
3 3 3
119 119 77
47 47 2f
-47 4294967249 ffffffd1
-113 4294967183 ffffff8f
60 60 3c
49 49 31
-2 4294967294 fffffffe
30 30 1e
-43 4294967253 ffffffd5
56 56 38
118 118 76
-48 4294967248 ffffffd0
82 82 52
99 99 63
-107 4294967189 ffffff95
-62 4294967234 ffffffc2
-81 4294967215 ffffffaf
-13 4294967283 fffffff3
49 49 31
-20 4294967276 ffffffec
-36 4294967260 ffffffdc
-72 4294967224 ffffffb8
71 71 47
47 47 2f
127 127 7f
-57 4294967239 ffffffc7
-120 4294967176 ffffff88
-82 4294967214 ffffffae
-85 4294967211 ffffffab
24 24 18
-30 4294967266 ffffffe2
-60 4294967236 ffffffc4
8 8 8
-9 4294967287 fffffff7
-114 4294967182 ffffff8e
32 32 20
-58 4294967238 ffffffc6
103 103 67
19 19 13
104 104 68
124 124 7c
-15 4294967281 fffffff1
101 101 65
-101 4294967195 ffffff9b
46 46 2e
73 73 49
-22 4294967274 ffffffea
65 65 41
-61 4294967235 ffffffc3
-127 4294967169 ffffff81
110 110 6e
-32 4294967264 ffffffe0
78 78 4e
75 75 4b
58 58 3a
95 95 5f
-124 4294967172 ffffff84
29 29 1d
-50 4294967246 ffffffce
2 2 2
-91 4294967205 ffffffa5
57 57 39
35 35 23
-81 4294967215 ffffffaf
3 3 3
-108 4294967188 ffffff94
-32 4294967264 ffffffe0
0 0 0
60 60 3c
115 115 73
-117 4294967179 ffffff8b
94 94 5e
106 106 6a
-1 4294967295 ffffffff
19 19 13
-41 4294967255 ffffffd7
110 110 6e
23 23 17
-51 4294967245 ffffffcd
125 125 7d
0 0 0
-36 4294967260 ffffffdc
-46 4294967250 ffffffd2
-126 4294967170 ffffff82
76 76 4c
-104 4294967192 ffffff98
43 43 2b
127 127 7f
-42 4294967254 ffffffd6
91 91 5b
-90 4294967206 ffffffa6
-114 4294967182 ffffff8e
-116 4294967180 ffffff8c
-37 4294967259 ffffffdb
125 125 7d
75 75 4b
-80 4294967216 ffffffb0
-103 4294967193 ffffff99
-85 4294967211 ffffffab
35 35 23
-61 4294967235 ffffffc3
20 20 14
1 1 1
124 124 7c
88 88 58
54 54 36
13 13 d
-14 4294967282 fffffff2
94 94 5e
11 11 b
8 8 8
-100 4294967196 ffffff9c
15 15 f
-58 4294967238 ffffffc6
-22 4294967274 ffffffea
-32 4294967264 ffffffe0
10 10 a
89 89 59
-80 4294967216 ffffffb0
61 61 3d
-10 4294967286 fffffff6
13 13 d
-1 4294967295 ffffffff
-107 4294967189 ffffff95
89 89 59
93 93 5d
-66 4294967230 ffffffbe
-116 4294967180 ffffff8c
78 78 4e
53 53 35
71 71 47
95 95 5f
-128 4294967168 ffffff80
25 25 19
-63 4294967233 ffffffc1
-29 4294967267 ffffffe3
102 102 66
37 37 25
112 112 70
-26 4294967270 ffffffe6
5 5 5
-75 4294967221 ffffffb5
56 56 38
26 26 1a
67 67 43
-107 4294967189 ffffff95
-41 4294967255 ffffffd7
71 71 47
-44 4294967252 ffffffd4
-54 4294967242 ffffffca
56 56 38
33 33 21
-61 4294967235 ffffffc3
-11 4294967285 fffffff5
-10 4294967286 fffffff6
-114 4294967182 ffffff8e
61 61 3d
109 109 6d
82 82 52
102 102 66
0 0 0
70 70 46
58 58 3a
-19 4294967277 ffffffed
-10 4294967286 fffffff6
-123 4294967173 ffffff85
34 34 22
-84 4294967212 ffffffac
73 73 49
-42 4294967254 ffffffd6
-59 4294967237 ffffffc5
-124 4294967172 ffffff84
86 86 56
117 117 75
88 88 58
-26 4294967270 ffffffe6
-84 4294967212 ffffffac
-107 4294967189 ffffff95
-37 4294967259 ffffffdb
41 41 29
-14 4294967282 fffffff2
-56 4294967240 ffffffc8
-106 4294967190 ffffff96
20 20 14
87 87 57
-92 4294967204 ffffffa4
-72 4294967224 ffffffb8
102 102 66
-52 4294967244 ffffffcc
40 40 28
-104 4294967192 ffffff98
-23 4294967273 ffffffe9
30 30 1e
125 125 7d
-66 4294967230 ffffffbe
-63 4294967233 ffffffc1
-103 4294967193 ffffff99
36 36 24
-7 4294967289 fffffff9
-72 4294967224 ffffffb8
30 30 1e
-2 4294967294 fffffffe
83 83 53
84 84 54
-79 4294967217 ffffffb1
71 71 47
-92 4294967204 ffffffa4
-20 4294967276 ffffffec
69 69 45
-52 4294967244 ffffffcc
93 93 5d
91 91 5b
50 50 32
-5 4294967291 fffffffb
-54 4294967242 ffffffca
-7 4294967289 fffffff9
-110 4294967186 ffffff92
41 41 29
-2 4294967294 fffffffe
51 51 33
78 78 4e
-24 4294967272 ffffffe8
91 91 5b
-21 4294967275 ffffffeb
-72 4294967224 ffffffb8
-103 4294967193 ffffff99
-27 4294967269 ffffffe5
-47 4294967249 ffffffd1
-3 4294967293 fffffffd
13 13 d
104 104 68
54 54 36
-42 4294967254 ffffffd6
121 121 79
-15 4294967281 fffffff1
16 16 10
-125 4294967171 ffffff83
-123 4294967173 ffffff85
-92 4294967204 ffffffa4
7 7 7
-116 4294967180 ffffff8c
-30 4294967266 ffffffe2
25 25 19
19 19 13
-54 4294967242 ffffffca
-9 4294967287 fffffff7
-94 4294967202 ffffffa2
-39 4294967257 ffffffd9
21 21 15
60 60 3c
102 102 66
-84 4294967212 ffffffac
-73 4294967223 ffffffb7
58 58 3a
-95 4294967201 ffffffa1
84 84 54
72 72 48
-108 4294967188 ffffff94
-75 4294967221 ffffffb5
47 47 2f
-127 4294967169 ffffff81
67 67 43
-111 4294967185 ffffff91
8 8 8
92 92 5c
-34 4294967262 ffffffde
-127 4294967169 ffffff81
-43 4294967253 ffffffd5
49 49 31
-12 4294967284 fffffff4
-104 4294967192 ffffff98
-106 4294967190 ffffff96
-49 4294967247 ffffffcf
82 82 52
-38 4294967258 ffffffda
97 97 61
-120 4294967176 ffffff88
23 23 17
-54 4294967242 ffffffca
-29 4294967267 ffffffe3
-60 4294967236 ffffffc4
-114 4294967182 ffffff8e
81 81 51
-13 4294967283 fffffff3
-109 4294967187 ffffff93
-67 4294967229 ffffffbd
-10 4294967286 fffffff6
-120 4294967176 ffffff88
45 45 2d
80 80 50
-114 4294967182 ffffff8e
-15 4294967281 fffffff1
23 23 17
-121 4294967175 ffffff87
-67 4294967229 ffffffbd
66 66 42
2 2 2
63 63 3f
-121 4294967175 ffffff87
-1 4294967295 ffffffff
63 63 3f
-10 4294967286 fffffff6
71 71 47
-71 4294967225 ffffffb9
24 24 18
47 47 2f
39 39 27
70 70 46
-5 4294967291 fffffffb
78 78 4e
88 88 58
112 112 70
85 85 55
-77 4294967219 ffffffb3
46 46 2e
72 72 48
-69 4294967227 ffffffbb
-9 4294967287 fffffff7
-42 4294967254 ffffffd6
64 64 40
9 9 9
80 80 50
42 42 2a
